100 100
ccccccccccgdgddgdgddgddgdgddgdgddgddgdgddgddgdgddgdgddgddgdgddwbwbbwbwbbwbbwbwbbwbkgkggwyomdjdbevunm
11 88
41 80
88 89
17 34
13 71
45 69
93 93
59 96
15 36
44 94
82 89
62 69
85 98
95 99
46 96
54 78
63 64
82 99
43 67
23 96
21 29
26 75
9 89
81 89
40 63
0 2
7 35
69 89
24 92
58 86
4 98
63 88
87 98
79 99
88 88
30 78
22 67
21 75
34 73
67 90
25 66
39 42
42 88
25 76
20 51
59 76
27 84
14 98
20 83
43 46
36 97
6 48
9 90
33 36
80 95
39 89
69 71
3 30
14 94
27 91
52 73
74 83
0 70
84 92
30 73
13 88
55 87
46 52
97 98
63 79
80 89
14 20
21 27
85 94
50 58
4 46
28 87
33 63
8 63
88 92
76 77
2 54
66 73
75 78
79 92
42 96
49 93
67 71
24 85
95 98
29 90
91 95
25 53
41 62
90 96
50 96
46 58
74 90
0 80
77 86
