4014
27466
297190
55
47352
9433
133339
864083
697643
260182
2833
41
95741
15040
24170
52890
67201
12098
6922
9
1761156
58290
519648
534632
21736
2306272
17232
726159
8923
557785
1034271
62887
737235
918856
3026848
1735
1866001
19151
1427
2203198
386550
453596
26861
19666
16337
516
7386
1110638
279214
9004
254804
184346
265
451954
35990
1167348
84252
41881
6319
749767
788334
59602
8251
172247
200909
39850
683003
20103
56985
322
80654
147940
16079
7
31046
635137
736729
267
1250331
1850
449408
29930
33935
43383
1633082
3156610
174956
56187
1448949
489547
74934
515002
2127830
2685
23312
30669
1310736
1151
76724
41663
19311
498338
564102
22684
57110
76423
657804
194251
55851
2441
10
89
15134
3743
202522
432582
360693
318
487920
428424
397
2111091
235578
32111
576357
262505
3069
582
67843
96231
39455
65006
219926
2507
7051
4147
36864
10755
1302196
2504
508653
586380
392103
58206
356
14739
75799
3790954
92538
1692768
361560
1152326
591053
20159
30809
629531
41830
2371428
420639
431667
696537
685640
259
62959
9631
1662544
73627
1529
19122
1
23000
832246
55596
988113
53863
92172
607767
6034
48923
424
23615
1193
444968
151765
15
922212
649
116827
21735
290648
98142
29999
15
105995
485
101
479423
1172305
650209
849153
1563
16804
566869
31712
378092
1529
299965
229680
147873
1201782
750118
940400
671093
14615
13823
71062
126357
22595
62338
72472
1896014
522510
425986
2119249
17585
112295
185483
57929
57924
7845
991
298680
1653050
23
18485
12892
9
578854
582380
380991
1395661
297890
1068016
3707402
87261
549041
3024
118587
356220
71
1717430
449095
1007855
455
977771
250570
548054
207
10735
144347
17423
1597
1265731
4093
2393762
384118
537130
489320
596339
598699
12247
31316
67103
65755
857551
17
720
46301
109997
21944
1944882
3274966
122939
3429104
14137
5800
892943
3100
30876
499102
2764177
2272473
1822963
305622
31384
2419
677548
1104305
1
28541
192209
58805
1629495
2073812
35462
1585873
175358
17589
577
5
2000315
1327927
1000859
121559
2584
23649
146762
157426
29164
946408
27477
479504
233507
5794
799
802395
357694
292520
5161
5376
199
12586
366031
5575
48935
1853
410457
31759
61137
45099
1390291
430030
3030364
142025
81035
152713
38365
108
1124590
1175244
496623
383370
94
249485
170705
48430
1124601
498285
436405
713510
1986364
172146
1597
10367
241616
61084
1916886
8969
198301
2356020
660633
213238
13415
965818
114019
217233
1601245
3849
1456
7518
263092
2643355
64636
102822
1618077
76001
527
1364736
21
140645
264784
81780
17394
9967
80371
1171193
110058
33686
26389
1403
248650
891417
154495
32991
268
108860
52311
700768
255475
202399
1092228
10307
1051931
828226
172205
20731
531512
10736
345535
4391
22013
149
560321
1247
2575
318
53790
976461
298091
295941
272061
631758
45936
146107
36
309172
74
21547
120169
1
36719
310586
1486624
214136
9742
13635
127863
83315
7208
145
762518
688248
375
63608
73847
107439
2309
156543
113728
1109
1810246
997844
2417160
1209
133036
11925
2623790
65705
100445
193724
35881
122143
61992
1324416
35110
138841
1959
20482
181666
43431
1317346
268
1925251
137981
633722
64
78986
102
15719
1
948565
680922
847735
6318
321164
243476
81168
4271
97694
906827
1943723
5697
20815
355421
63238
363
26697
1472512
1313682
126104
11533
435200
67342
148914
1137223
2717979
40584
1392184
4116
1912
2096592
171366
25199
110046
143790
12014
879309
9
1748931
101324
7625
1322124
2651812
134947
1547337
93951
2001024
250528
594123
110048
723
763401
3086
75796
115262
473314
119403
26459
1106
383311
104
203441
681461
457426
6725
1210440
90139
23435
1297
2285184
912
102690
1784814
691088
603187
370738
10165
1732677
24266
694053
463428
926
2969
90600
245860
86583
11950
340534
766445
24078
107891
30371
2300
8400
1738
730581
327744
720699
2163553
96
161498
62908
2148790
462792
2794216
132
2642785
8369
1112
68476
772840
1597021
480
25535
80850
45927
75
182982
2231654
18483
1124784
24089
1791
7089
10412
7593
899271
2438083
1557313
1916
703653
1508
409029
367177
427470
413468
14713
1420174
725790
163899
2692057
2797832
153691
1430115
326908
1584055
726134
3391
627222
465778
9603
104515
343427
3542702
509897
18581
873
518842
2688395
2622
17447
12561
39580
528666
250669
736240
93310
46452
11087
372528
538039
4485
638596
91835
1275214
153687
373862
43
31499
43116
50957
106567
169463
55199
1060074
523022
254028
1220134
15083
297607
17214
965
58788
49460
146173
1028331
3959
36365
33710
262823
371394
70724
24021
338124
221014
570234
6564
14157
159602
1067114
206770
21743
235180
184182
1610035
70131
2309
87587
304621
5183
1505226
506985
361302
598124
128920
1684643
2465238
155
426
700653
89634
3797
736735
1553101
91774
159870
129950
395366
3141
53078
247691
237
36060
29375
9678
62857
3505118
456742
54239
1161527
1074
71343
271041
6457
991
674988
114403
89
2026
1650979
2820582
159414
37396
47531
35731
8011
5761
706684
25809
92582
10776
311
902
269
75212
52893
59530
882123
1129378
85133
1049430
53385
437028
55
111552
543
48696
333885
206356
44663
846766
240003
21520
2145900
18311
15339
248407
337
269
53443
1147275
141367
1226131
318565
1023137
207187
27859
765006
391048
142031
146717
31571
830315
130815
8237
6121
106719
2233
1463095
21440
490314
1833832
3594268
74416
486036
197018
140048
271311
619036
285
786595
212953
261316
70093
32024
2529
368266
35648
3453370
1562
275067
36
1055
36629
1309097
6414
531640
732562
365015
6720
3078500
565523
135014
13810
1869
28
453127
104
855264
485642
62562
1378542
23676
390528
151547
31845
53
132563
2848682
63
36479
90601
1198491
2822996
188899
38670
803292
1634107
115
168773
969427
101571
103638
246
4923
7297
333705
29087
829377
231844
2370953
323981
331825
157926
16010
198400
511622
115496
960546
902
2121336
196616
61731
1378715
63649
9331
342
188795
382694
494507
23127
141805
72382
1329926
1112403
568652
92378
1084071
2430808
651
2342468
517953
2947
113643
229467
98966
59631
110130
14982
812391
33162
215833
301666
13133
2230
538215
14207
118088
316
4359
554592
1768358
1078701
839
324
43631
7399
8659
5482
1044889
163432
223273
682169
15275
34250
1562585
50179
59399
1537214
1507
687628
461135
16413
234248
758088
1079677
635116
101160
77909
59890
151287
3574910
291669
141
3357
168
183702
9433
5948
448130
1631
1673839
358359
363696
1387963
134891
1559079
531950
1223
452463
427626
396614
790024
250366
92597
66446
22607
1325
4627
56734
15112
200033
1060325
2261
850679
505818
91153
2278584
19295
576631
1574056
24020
1926
90287
11755
1869
435527
23650
147726
200227
721595
31103
2867020
307837
79
15504
57602
21266
626300
252930
394532
3244
36033
194831
951509
10361
52687
573716
16464
167
1285013
1138859
625734
497603
352479
565514
913803
418370
12888
34907
24930
56366
1289802
2694
94799
8531
30250
36889
21528
3895
1443371
760115
32828
3439
2869
1061245
1020399
15884
20159
331842
158712
176755
1935548
16158
289895
1439526
2936085
1688640
1
1327377
985
3356160
917613
77423
2204816
4138
61086
9062
89139
753724
45126
1344012
168710
44554
285510
44410
2625014
90503
89093
348175
16127
3794
803084
450
32318
153805
41822
1317537
105804
2166026
46181
202933
951
129
3603111
363603
223828
1263480
1433742
172978
125568
129
8926
127
663431
621531
5455
280397
525880
735811
934806
1091
21
103923
61993
24980
52676
122141
124923
69458
83537
1419797
1570226
719721
2540084
297910
68229
217127
1951910
11614
40841
3
324701
52657
18098
429808
117
463281
2630110
939769
1671384
3079
64105
408514
2422645
2580
340366
71056
124201
436493
1935
720786
27322
90242
15291
150297
76723
20913
266363
6320
1354796
579116
3967
471628
96403
89551
69334
73934
198540
625823
21167
248103
3024
335
204
805546
183166
80384
34
211413
268175
6124
207
440
147024
484284
701487
78255
291195
349184
120919
486
5250
12713
14832
6025
1472798
209412
20499
2567189
20190
2938791
1710920
125471
1487
2233
2699
151608
340524
360
19094
65953
547930
115854
19915
283406
717886
181378
270343
19704
1066106
80949
7956
292237
166
97899
872372
102956
820572
1863008
285270
18079
4479
369
623353
1342097
44998
5303
9172
298
6234
485110
329550
378197
96922
425901
1296702
518489
158336
53356
208
41889
247549
444973
2597653
14506
1472000
33724
57308
10056
243672
8791
510210
330434
215776
38156
2674336
305855
1645144
64540
114703
2534852
1853196
7606
9789
3342
120201
1228706
8632
117710
29776
1059435
12963
143523
269
1166623
15128
24449
30284
13265
84
800200
79933
18
3043
38205
233
16843
673605
5719
14
64
2636488
116
1859
1431601
1452
644811
141111
91886
286493
951109
104051
952029
17758
2654
12416
3841
4344
303835
366391
442778
5873
3167
54603
23327
66339
324494
112529
511
2074359
181889
13500
3080647
304402
19783
7194
765
1709894
1452
23392
1674112
76920
391200
2579
46234
363233
425002
37251
22155
409970
1626088
60340
2056734
77402
74359
27208
88
85792
241757
194427
1241631
47423
47339
144915
42011
53370
194621
868935
1483
266010
4376
193835
1847
659
1476248
741133
1249
47925
330907
188764
2753
31622
912765
1805282
36260
209717
3641937
1213015
581064
55808
51924
44968
71439
1466508
75043
1562525
518698
209211
9429
112648
1039335
10
224
123956
1099204
263186
356065
956085
287
1195552
740695
539790
341728
1561638
40521
24285
32153
141671
5042
122858
24120
68733
200393
2142858
455
8138
302970
1619674
118107
1333070
338824
127553
58016
1990064
150026
11480
55686
3
177144
3341
32459
272
442110
355426
2114019
5855
105276
401753
21533
844
1359963
703624
38013
472045
1778923
1279058
119440
52371
237602
162433
927
17977
82712
483
1616
241800
233140
44433
129093
345221
220236
109835
418374
73627
272
157748
31037
218844
251806
1734268
1979
2
745973
2631
186690
46709
2172
11492
107747
782
1576680
70583
363576
439340
245
1351
67511
679463
722962
2141
445723
104428
18533
413121
32199
1125
412938
2855353
1525988
307330
149593
358459
26556
789886
851345
3849
440
1405527
72855
3604796
5269
743336
1789350
88718
125619
5690
1010457
139467
248820
42172
745672
747103
6362
119427
5972
320729
123
463907
15195
475930
16885
226285
15053
63525
257953
217014
50949
1388862
204377
106205
148101
37346
2671
1103
62737
213467
286933
846879
340732
1063697
852698
507852
218166
198607
368251
260545
257096
12781
280176
65056
73749
432898
34605
149196
1402123
551862
47345
1677
5377
28829
811972
10598
1835
830463
83174
15983
56993
1436072
944
485
50366
7332
10
27022
27
1142425
218171
6654
2174562
1307324
529974
857654
535423
7919
4551
4587
1547789
19583
1012
419325
645000
14
114185
2507
153815
513778
20551
733576
37320
684589
484436
366451
2898931
54288
107335
395903
1982932
211015
3849
22723
213712
3299
61811
398
613035
170912
29183
18874
353614
123189
18150
414131
2723
139368
3550
1719635
91108
43822
54891
570511
408634
214904
42919
768903
103674
8567
14818
2688927
102
38594
2354664
160
26775
2649
415395
44522
46017
503029
428068
206594
2300
1452
21744
658296
183125
8021
144214
163183
60
2231
110551
257486
1149034
17575
478920
193453
5586
9611
1354358
10005
1101
43809
1743488
713
110863
492212
627804
32928
6585
445628
3
40999
314859
25863
38441
1223
98850
96205
61255
266591
446748
539668
218774
100878
142661
168
39
154043
14455
47309
23369
51982
24989
829794
4871
574514
2435
217086
6354
1371362
222907
24402
63
36074
9731
205081
396432
258088
381155
28
269576
43
6045
140079
15
1934
1015081
43457
209
181
29
2391
100263
2537458
7857
325476
11643
20799
2265428
31323
498503
629053
526523
1001189
2039
45134
125540
449
170711
257100
7398
28163
6827
59
12855
225785
64092
7487
244390
5675
36827
3849
35718
82571
9611
105929
243
34
56897
575463
128924
14
112775
83812
764
2708
6
146244
3507
876138
256472
84001
12417
343
160143
27949
315535
34
224532
7247
316
1523153
1949
196137
65174
747
490720
324821
7742
7344
774191
161496
76106
202628
303929
142
951
15
19507
11009
11999
6802
178177
207740
253463
5503
782208
2656123
310
1056052
511820
25421
26425
493671
3469
529746
1675
3183
77
148
115088
170239
69186
172379
450384
63941
12260
930044
23436
142143
341738
4480
2760671
1540089
24589
8130
3239
8345
24561
53497
574328
188839
89679
962399
953669
894306
327681
3521
717120
101686
11
753532
2337375
5797
3
204391
162108
39609
79918
226962
1443830
269060
39984
1561
1660192
13748
56198
79548
6574
17929
121518
2087046
40078
203898
246694
621582
164187
55792
2455200
8666
191616
1353446
143
2020374
4298
82003
22895
697641
1261184
2231858
39101
3583
262415
300259
20015
551683
134707
1747
192375
159537
1127503
98672
795140
1116424
534468
8433
995320
253688
2067454
134
16286
528408
3146
3423
16532
169956
955649
3179
1087
28515
11291
170419
609861
118799
1191883
210449
26852
6460
854080
19317
7567
8435
57317
734827
24820
629
321423
92792
10255
232903
175304
21970
44699
4442
24295
325277
1971452
1402
60939
8632
524
525450
489219
28193
107
16252
91286
255400
70218
189826
60346
165256
483
986235
443681
30155
40175
91574
132252
70132
22819
482669
254107
600762
305614
266487
30549
1932304
493302
207
7504
826597
895
45552
75083
84552
29623
687255
306111
392406
57550
1709325
453
2849482
3145532
534026
3600
58159
57084
1704566
76
687978
592212
329487
271
144767
537063
527036
280816
301270
2644325
38291
65239
582687
186
161660
5567
356
752618
226
2773
58799
190962
172416
380223
82143
160409
1394139
13437
2221957
19927
2422
72356
515500
71555
2636255
283571
206027
3192738
839
8839
16127
1352566
14831
1563
146451
2375882
568294
1166782
1728820
61269
34945
19850
11729
30786
685782
148367
3537613
25487
17183
193931
65006
34317
1072392
1350
634971
9810
156963
236234
175494
182797
3203
446365
189082
5784
257348
10611
1206866
45462
123585
825782
1072
786154
40511
1533873
82471
1295
4014
63863
1179050
65568
116736
39670
4955
166
136473
5169
22041
83126
1748871
2481502
1142127
960406
17446
501690
49333
2709
32504
15367
6669
62
5275
339704
44211
1
1303524
1023693
4792
168
425
11
2364016
327708
1346318
8543
1849
498364
2345
3355
461
269975
87493
583971
15443
71201
1648
49
357472
5324
3681
1413700
2369
39846
2033858
1615
37151
484
13133
221999
1746040
20101
532094
152825
1615346
583935
13374
202526
131331
2717
309630
462447
543636
4983
1891961
55485
50787
80655
1946788
1399898
484890
246999
988132
203
671
1692
731697
88015
1269705
2173182
2187335
755323
370598
539340
148961
89922
2866141
240558
175439
6
780288
85475
320856
32590
1348034
113769
3023
24047
156783
105692
2384
330898
85736
506268
10864
148851
3260
22395
10279
15041
88
114510
1474318
122592
816228
210040
709737
1433540
451576
27359
77572
6805
255066
1775298
557
259781
1350507
166616
99335
26776
2200638
298297
473893
462162
60579
326428
137458
317291
420794
977302
2870
1453201
1952244
37744
3136065
29599
438750
140963
299532
73602
64517
216322
17960
517586
1445931
4392
772003
307443
74247
251893
122647
243409
3244
1036491
674
41695
1148159
6722
305298
581
319217
1187305
591079
1357895
689978
3686892
186
21943
387774
19362
192494
395456
195692
1076235
2064
194640
61893
223328
2309
14399
5984
116428
146475
568699
404489
42389
65513
1188570
419226
238
6548
54115
64795
316858
18727
438199
10857
137659
802687
410280
160259
26683
177757
373134
9193
13474
166369
2203405
32199
142122
1206008
1491787
7644
586389
128069
36114
107
163895
181654
44520
46373
1189373
2040
809870
6
1350019
56290
92645
95304
15086
3273324
1691706
171275
498045
168177
23039
1375608
1087016
444404
732622
76
464537
41155
2006
282216
223852
522998
1823
246719
37773
35349
975631
989483
511892
7766
702370
444742
321740
28927
2387511
11185
74331
183953
1452267
344747
22323
48149
34702
1120779
60633
13
278044
964771
111
1588884
404592
61596
1423583
96918
24307
1285
1383364
98
9717
195659
6018
364748
5784
105458
97426
59930
691126
94198
838572
18724
198301
342042
154575
754
2036353
233562
288992
11667
338
29420
165
31682
280585
907524
5774
108952
951836
2449
382026
66324
840
159364
281321
7653
591
82015
191640
8093
335657
1666832
13
1
624034
15
79
324853
274977
50657
388898
167524
2185380
10307
181376
16271
434
1325
1396095
59
351479
77183
556984
943152
2660967
1127983
1548595
70069
7471
201401
11486
2963490
70566
49
2770006
60410
29872
1676
21295
779574
134979
22367
1618
297226
730056
31411
2880628
1291
1121
1126798
76328
48866
1570928
1364313
530264
268887
312888
639259
966518
697515
463189
175872
49
438142
678113
5570
179959
278732
1903993
622920
789505
107063
29963
1576985
8272
545712
1325787
381482
429325
3431
4026
2207122
106533
117116
39430
93268
55369
574794
2519086
69875
303960
211661
2261
919834
77615
29
190191
304268
23685
2024336
9841
131918
3590033
54
877453
1042138
1809
4682
18431
524
34250
89135
150204
31862
64739
19134
40774
1594
225505
18968
52620
9173
14783
2500
4079
489738
17673
419
1243059
436012
24749
50455
189626
13685
59699
1040085
281434
5222
416090
23654
13055
125208
48230
4939
1391
1359
259514
70966
1795
135044
2032346
515
2329933
664134
350820
644006
10316
181735
183
3159596
83
284865
9058
225
326064
29519
671
261073
104644
2246
1483346
130691
419102
1033978
781052
1143697
1805748
1217743
28068
103919
1289
1367460
157873
359568
6315
50387
149293
260570
18165
103
144450
777834
1973
177057
2197891
1701
1860827
266972
15713
327549
108198
368986
1581926
215919
380992
436544
27589
85683
258362
17766
95125
211208
100183
3073433
236919
93423
111707
648603
225431
78929
5829
17492
6374
110747
238470
56524
458
539168
1
1848
1377563
6769
431777
420833
3260
21464
57831
179237
52055
3583
326982
77978
24047
64205
33983
9331
620794
43679
2126419
313918
9344
27
60579
35699
205981
235
377277
70341
164962
57550
19636
91375
499523
993048
28913
347077
494828
2363157
71408
2626669
24532
7039
48956
1234611
20040
20861
278395
347632
86898
1182
10742
2581
448493
1704428
304956
8017
139552
3024
364757
15407
1507
419784
1214827
1393
411301
101659
48906
91343
410098
272814
2218367
1600561
992794
68141
927283
3259
927802
549946
246
1297980
1267235
1190859
28144
672098
705401
90704
1236853
320581
47729
187519
4598
25635
957814
5071
2168399
37330
408044
78287
294534
847903
174173
407632
17799
205852
912458
2982451
1057524
15230
26885
255000
14
11836
91751
40513
30638
85911
22840
4365
62179
35901
852871
127583
1532334
25775
1835743
190462
570321
28367
509828
40551
1973438
2839198
31316
42525
61243
72109
181489
1040036
38817
692931
38246
1053
50278
86733
3939
608213
1110601
56510
5
488922
7155
6003
29763
53011
21830
109424
298662
131712
1906318
2870
192267
2527175
11648
1322883
177903
140249
898779
19
1670745
56152
399642
10369
404
536424
687
229874
212595
125311
284222
45
3559
15319
301424
2102
338876
17130
33982
74894
43614
137173
508413
1524736
3067957
4574
828560
17773
12959
513502
887941
150838
14623
9196
34
85671
36
5
44968
70
1633
349390
2125444
1243323
1074898
22143
42638
1362229
617615
122167
2460903
100180
354467
466664
1633
93137
148
1046252
6799
96294
13212
21
32669
1059974
5651
3592
753224
5609
3024
72037
99
33309
407
153917
583056
440220
2723
89363
1451
78481
24191
2170418
2607
243595
3230021
6
703211
17307
6344
8710
80646
312116
410129
7869
546559
2553753
744049
77417
50423
1273847
103
18494
9
504099
1433362
27579
635887
1236945
191229
79
1506252
968781
1346
54966
4913
29022
289
463885
106630
222320
5655
4399
12613
323182
1974
47592
364312
324
1793990
