13727
247285
733739
33551
6074
38762
94223
101789
204961
565541
774491
166775
419
545
121999
84239
90869
806521
285672
1784414
8398
2760234
55157
640953
1197775
505
316
350981
290367
239041
880000
1352021
4234
30527
55919
5235
1960931
1375266
42172
71283
668323
30289
4389
629354
630804
999867
1820543
53626
31359
9886
1094546
617121
52429
63123
903219
52424
1519
537530
109925
406249
260726
214890
3824
389
12465
14999
284
656314
207
263
44634
237
2583
3262
472939
5394
1529424
83158
56618
1192
475163
596565
2266758
189702
35897
31581
2604939
72443
653218
2155
298813
26314
11467
147406
180959
1
473349
409358
5169
1187
10487
25775
1400
9215
601089
202071
173428
1273
184853
881976
473550
2054927
30995
70365
214554
90946
54107
31221
889
376937
63663
19571
246209
11311
127425
2414
47921
319214
199040
2645
187055
377690
16703
181
399837
90207
12637
1304
44948
1144875
405502
935321
4637
285381
16375
12927
569308
461781
9891
122901
1806509
81
12370
34859
1704
37871
43
82917
24264
389045
23009
18370
104805
120405
36575
455552
615906
12103
5631
1201400
708062
80884
41039
2702
630753
52647
26823
24483
2948476
7639
17555
25664
95526
342852
150039
3228761
9
346226
974173
4299
6544
16092
47462
26429
249837
21835
316
131
2794720
973920
53657
102929
78421
660088
1535897
34703
1523473
52419
476727
1056837
244103
3983
1348
210151
1547036
24003
31353
7888
623775
562897
1152542
864763
1264153
88364
747
189155
21759
2382
61311
2160163
1364463
323957
779
98731
519391
77456
924671
15907
1733426
194
1595326
1282603
1142
216465
1442675
10751
80272
284911
1183
72462
7564
24055
117530
169272
13371
197252
1473182
225967
575063
1001541
21734
2366
5903
183102
549626
8051
288037
4026
1000039
10265
577
152671
82481
146835
10234
317325
2261279
2115461
321391
463592
544428
134805
977997
1439
72183
185316
258453
1150
14032
108314
60825
2649
2105590
19134
8276
13539
4771
274759
2175
28799
329783
254409
713477
2497
328458
317871
207689
68967
46485
98777
1074812
38333
132465
403933
41609
281920
13438
298909
2325246
497384
388
3695
132383
1772028
99490
264
1682384
294822
169047
94890
280943
2595825
12635
1913009
803989
3425
9344
424494
616703
70187
394465
85281
493159
138531
380463
106690
796910
287415
1185534
340113
1822678
529227
105502
98384
687253
177298
88772
68297
962844
197999
1146502
4024
5582
106257
141374
91093
231994
468984
172477
428
566
87803
214367
60290
2471660
155881
179
308467
160477
140501
139239
406238
661358
497416
181443
127
19549
173273
200391
16197
19884
768925
59942
3383
4471
68613
47201
44695
124786
76190
291197
857
452461
221653
352898
47763
86487
2969
1642534
52000
8532
13247
25286
55997
207048
6236
580423
33275
66404
127673
184
3611
89029
234693
46655
21923
5380
63841
332949
63841
36564
954229
1513
185288
239917
541
175028
1196
68205
2481
356068
4
34030
24891
5798
163943
1367
20192
658640
3426
1781
94699
1035109
1215559
823
1213360
21389
16998
17855
252737
350025
47044
1454897
18053
54867
179
11488
1611704
38706
1135230
60671
102723
1294908
18812
16271
2141923
7475
1738144
130
110563
1416895
13685
378941
151930
70598
425993
337912
1149303
1854
1247
1315071
2102
21167
263459
12704
107988
186458
262873
61249
304557
926018
2807
172410
2039
11614
351668
146913
25535
3272683
2260917
10590
2435
85317
639802
436883
419876
33245
5479
77
39457
327850
130064
87853
532757
432482
79563
32255
841293
830701
1442248
155325
20577
32426
4486
963774
225822
27549
51952
244831
69591
804
1631
23540
398211
527545
15995
727482
6
1274353
1221992
1601643
1642186
1019
371286
893522
1151734
425211
1894077
27649
23650
300462
161095
2819
124638
967
146592
319212
5750
26552
636612
228431
143
157736
624
591551
149
312794
77853
5549
34991
440
677345
105328
141929
181
1208469
1189
518917
2820
982687
5387
216422
292956
956029
41
7538
575721
545
19668
509
105888
241530
206391
1223
381236
921
1208314
114702
1083802
531041
344232
36799
85510
89147
131087
839874
1001864
865584
538599
79188
101238
73021
3
39
1275994
66637
35415
789628
884413
417741
637330
3506
158877
95612
186947
6132
287821
87086
141836
972764
213004
197637
119971
2474
6999
678604
151149
112131
21188
7607
4021
2699
2398988
885480
3104099
265649
650
315781
142679
528842
1307820
68967
11519
21167
33318
419308
547642
226001
7106
4673
367830
56830
113457
1576640
47
1229
19111
179978
225
239773
28
813021
12905
114867
65472
79835
229765
2033883
60113
222519
365451
665351
1801
28426
52148
474818
63608
27958
1095
44
74954
309933
228509
134441
224631
1517072
12258
215865
353403
633488
82185
15059
116006
184554
22352
2146967
1510936
44083
11641
14595
36
404778
1210308
610182
540091
131027
32135
8783
986
2872
282871
14255
663993
303659
16740
2321
323542
1548387
274213
31619
223
82985
1104583
14831
19023
3354
55454
10495
7890
19
100949
1982186
277745
789173
726925
63591
631322
190069
497791
1133590
249840
7727
124798
267045
247905
323667
14041
70049
265085
12996
68734
35933
31683
4949
233078
25499
464899
108111
316677
4677
849288
517051
354527
3
23333
206541
50810
79791
2189274
315540
207450
112
270479
2366129
1098635
31679
164748
2874
1504980
83
197877
1944863
28
494
27071
1849
16576
19027
482
2021726
790
15209
211539
1535492
36863
46133
138509
36
233
10501
181169
81011
40182
35423
50255
1208214
321375
226805
2871516
27322
1121
1903219
1019
9257
1003
24911
369
37883
154177
840
450288
438255
30988
83693
100213
46366
145793
165937
50702
642
41887
89602
45536
214887
216733
666643
20
377
1011
643910
177915
33101
316219
29120
897288
10794
164383
26012
1160985
21757
62015
3409
463413
18631
77421
99413
1119284
33773
207733
323
177429
546930
20866
987517
312433
406536
1161410
75863
170321
154918
15124
245546
5627
1712777
311523
109093
490828
740687
5847
157823
685213
39
1
342230
70719
959970
5334
1040858
72703
161658
476837
37131
1617351
203478
6399
96161
690075
19161
75984
622597
2773499
796482
291883
29434
51757
365336
4799
15375
3074283
73079
1325
59101
102509
10745
13377
718748
860326
8470
537438
49861
1377572
211359
57883
423533
150550
34
377801
527712
453
224024
63
238459
648016
647233
3150568
856649
239041
202166
77293
677829
91138
28903
268391
762
74125
2657085
34907
1366700
179766
45045
272759
75258
27875
25195
3739
402209
151218
82376
701252
1727
1214278
1393813
1815852
152684
195923
9339
205464
161096
70394
497978
343560
50270
587
41007
461495
974431
139149
1393
1522695
52735
1028920
61473
947101
1847
21887
369597
2182472
2685925
757
20159
23703
1269973
131789
5517
123549
351525
5606
250805
44038
227889
5609
1925692
794575
13535
120764
335980
338627
141048
1792
77391
10452
358760
8036
128130
83180
638299
19871
64
1692862
86675
6763
3078131
14475
184192
43046
630733
31954
3354
124122
18147
4277
25074
215287
1416601
94701
2078911
1547
1727209
6829
265156
184192
248035
20765
1001825
475982
370721
4409
39945
76198
13454
7038
554500
529609
121000
348761
5107
44502
333239
6054
195651
561973
237
1
70559
8927
23100
160469
1139369
333413
175146
530732
295046
211455
610241
41999
534991
35723
883
129223
377162
84905
381810
415268
243961
22
24149
21111
1634456
246078
323221
21069
857
4627
172437
269
137981
461
415
1478343
159311
1231407
623875
407512
10
15119
283184
83419
496745
2231
507028
631822
1535100
1618
329742
8
13964
2670555
58464
91335
346533
107029
11828
9166
1131148
740961
4124
129611
1985634
1135500
79182
478299
11302
18638
257878
9344
886233
58016
149
535617
41551
29564
3299
2024
120415
70833
194734
689965
11486
591459
31312
139313
1216053
1329598
59471
5224
3299
1398
165089
2934358
613
125
28811
186795
45567
338470
819927
97423
142128
512219
4915
11480
61427
289432
1031461
3592
1869
107821
164898
135535
55668
207207
95850
320856
55
4179
28412
132838
3634520
1733
159581
42156
29
1100960
742089
84460
35
185054
2399090
30225
865473
81195
15485
2691740
43337
9197
95984
1178798
186237
9245
2755
1391557
408352
42545
1077483
38890
6395
4069
155
1028465
10097
81890
106655
127708
216347
170780
102213
25786
539908
15930
98396
866534
1786
164661
141967
544734
19459
408353
4881
25055
5334
50554
2369082
352345
223
318490
508793
168
23416
3799
159
884802
3370136
382683
243105
248474
267103
95523
27382
83343
1613352
147029
165812
8543
35
634121
62631
24482
1997522
249
35738
25178
195061
1192835
186515
376632
47914
7204
16649
464405
1331498
502298
31823
27012
101313
8036
14909
75025
494623
92966
175749
539347
4581
2872
43511
411941
930424
71996
240225
6544
650047
180799
108525
24911
1835844
390286
205464
9265
15763
158839
25343
33071
511044
656441
74411
19
1474097
61045
3024
17394
66404
482
6
394834
293
290239
34991
6236
13972
86391
94049
495585
213221
419
148220
515397
216421
109169
1490180
888736
1240989
129739
48929
165879
41789
83413
2120
586774
56085
666940
24087
12096
2650
4962
673665
2419146
679
105272
242
35
65554
1719167
3637
75957
45265
191361
55453
15699
1899
52343
137351
40044
34
129080
688094
391284
17661
1219141
8035
304707
44915
56152
1419041
79
34760
32781
231333
41414
6346
38635
177839
203220
14419
183
126671
653795
441474
11925
15695
4971
274775
303200
4025
57246
1112173
92654
15161
728594
9539
2243
389621
1394345
50992
643
47065
1397516
44615
1391526
145169
184935
94896
44459
553414
3079
244945
84763
15839
9884
3487
20098
364047
220391
5350
431824
15673
2014599
366133
1325
9918
30173
207
44
1610630
188612
14823
2976184
1116853
407815
273866
1247584
279515
499309
267557
9827
202943
26487
10435
114
120932
201095
17793
1754823
60020
42623
3579
405630
55304
21257
144343
729566
34103
37718
2721
202099
101
2081685
84161
64
10207
101705
38586
850989
1189
292239
223969
41579
76
33562
572708
9327
158374
78867
129462
796889
205
2254
62370
2724
37378
110859
16197
52529
51561
14033
361941
375537
545
181
902
10450
234636
160079
129208
388601
80
428809
607
92267
21823
109940
1625320
6496
53315
9249
585729
580315
122844
28655
6260
3751
274525
92154
10
33695
441028
293504
8899
804615
95940
21938
154500
10056
329809
1397633
717
73363
451
743
331741
334579
1061811
6667
161411
29558
2502354
20719
1768
3319916
1005690
23651
5664
3079
5031
1612695
1665
3574
52809
916110
2396
85197
765612
3195
557593
491213
198155
17572
955633
107356
3959
20097
2036
1544666
1277
600143
326275
889633
85047
71064
188213
1297
137771
9077
20063
3134
68199
178649
32624
442387
18859
104571
3995
6232
27503
5228
2511169
266234
20
57317
524666
1183887
26238
1230480
350941
543
32443
1616382
186153
447
723606
152346
18303
64773
757091
40774
1560408
16553
240259
320509
2155
1117627
59694
1612477
110554
10655
1227411
43
547063
50094
26080
227683
116857
20501
153848
10056
1299206
76990
66375
644389
1321935
12567
192665
11
1022534
45572
128933
125975
6852
1591190
9166
251565
259
58948
51991
89959
17043
3
390045
87374
323310
43163
13541
66171
201402
95003
9689
290
77250
1498812
42871
367
1420941
139866
87
6921
33109
87047
616129
28492
5
323
1929766
945182
1
128967
808242
659385
18719
374287
246019
314
244364
70365
1317040
14111
959
163218
5664
487316
1835
77023
1034
219686
1529597
47531
8783
1094149
573015
4564
167085
512542
2137933
1888667
36287
1725836
14061
475809
183598
8255
26787
20444
16837
543
20175
3794
239319
733429
59246
10892
1671
140324
25055
1866616
71118
121016
949425
1559
718561
3052284
43803
1709571
49628
22319
57317
29683
24147
161244
16123
2436
7040
199691
3443
76656
3343
168477
858373
237597
774721
347036
139277
205
117434
76559
18368
270390
688441
3720
242469
20879
36
234458
36719
156351
499434
26312
510521
1124752
445613
223266
356463
5650
8356
12271
335611
2561110
5488
3
2797
147137
214035
142427
38753
12281
1130
592113
48741
434139
174645
227778
16876
149
29951
152307
128845
42
388368
1023030
906326
55923
399122
169452
92694
12608
246
1851
224233
294627
121
1413705
488358
9884
2753
6951
168518
6
910404
125513
271841
7657
206571
13349
10169
666237
146
15659
134588
81663
964
14111
440
11035
55
596554
3034470
2804
1426796
2368
99904
3342
2364
111
471709
1629434
226
871243
422522
83144
305
55
1507325
140620
43803
484061
649171
30239
420322
80407
1087
68035
378227
2700420
622099
197
1975
366437
112142
679
281789
519584
1355980
1837350
751428
80639
365103
37007
1241
25020
872819
387423
1289606
1275797
1018343
724
5376
319771
121029
29663
3330482
1838480
111759
1676
6935
284483
88809
3
1597
839
962893
17279
377977
9
217
1591502
199706
743389
1
210709
58
15983
2256348
611
4774
6159
45
1902721
82211
413
223487
456245
911317
206699
1500320
359733
12199
847426
821425
338525
3024
49728
1027041
889603
170229
231786
1908
309775
2582261
12892
2356841
641446
269
66641
3
951885
3
130509
6975
8899
1561
94594
755412
235016
1835730
1187
145167
44321
7768
1287
1362621
131
51299
2037
2568932
48621
376033
60579
6
2519615
1358506
88829
11489
145177
8663
114839
29
2306498
1106701
40125
634897
111283
238097
136421
290366
182160
1447513
37212
21003
2276613
10145
414486
313964
231262
101
114105
48050
270265
2589
4487
925882
12959
21
1
538307
455309
3541
20015
8009
71
2584
1607652
499560
586184
290023
165604
581395
71817
987542
13391
231957
7521
188907
265949
97859
5499
43869
1384949
148041
28316
6690
573
1600144
98558
73287
395759
19638
2198
562879
554306
1099
814569
32423
662843
51545
273101
561532
1827637
511475
27640
1223165
249
180160
1146598
924538
127
5583
308703
42473
1150334
140645
4839
4862
202734
15307
89
642901
22359
19151
573509
5750
2085137
471437
70365
52209
1102149
198301
291450
5389
18147
349010
104579
29757
446
86
582481
1224679
180069
71064
52038
1384575
212916
1432280
437473
539455
14717
38910
693202
282926
40
34729
13297
699703
356404
61977
604084
34
8899
7831
31312
555009
2530945
54
165393
1814037
11183
25638
1289
313467
7297
57791
182962
3035115
80063
1849263
773277
9167
355113
65955
1257
2106800
794831
124297
8632
351157
67191
62261
110566
94258
1903
101412
2649
524
308975
55686
135493
28660
12548
1427
1960
58482
2637125
291513
1983026
152764
310902
1072676
92663
121092
912493
166063
1692862
10145
3719679
1679
1618
505363
527615
7599
34173
240161
4028
164
1399332
95609
59052
240311
160935
36294
8699
55476
1102851
123258
9190
215879
14684
26783
6
922
30383
167142
53189
790313
78176
138571
50094
731354
2451280
1048
47334
7567
610523
772639
169496
11002
2226392
30308
274843
176737
36347
1258417
321725
76864
2095
19549
858457
2663
45071
686535
408003
729013
35
921498
2620572
1448245
475313
1273311
7391
241812
292823
194043
171416
15617
2996
197467
356641
151
181
1523447
289
1970
15061
463994
1237277
1240736
482
824
116010
127265
180078
160852
44802
436721
1229
694867
863
136473
1517165
134965
346493
1204496
27012
1
6460
679
236833
5169
481946
292466
4026
348512
1665
8686
27381
2517363
6214
189249
6572
934934
114558
1462849
253109
1196134
121304
397780
1820846
446934
529093
649
99117
26272
175600
32885
154498
994464
88695
188325
5584
5334
2038392
530195
70703
156491
84117
945133
93437
147754
1377936
42164
60859
2044307
28
574169
162702
144767
140457
350752
31159
1337964
402111
1333051
1720315
19151
679
1556
701640
1007227
50408
2824
12179
445527
225
1607629
1923291
791
72300
234358
8276
118377
220081
147774
15752
2459
1349608
936503
608594
97878
3739
81213
176789
1495
42172
13053
103679
216747
276207
52401
755
42988
4115
637
288015
54186
66929
17733
2288153
35
202561
917778
75330
1162010
8899
180000
7935
421435
137
1265693
357441
4206
382103
204649
956268
84578
1086282
994213
89147
483538
11616
7522
210875
891832
1133053
1918703
1347
99527
58482
54055
47636
262967
85510
1359
1053
13719
284943
208821
132244
71223
31561
344084
6390
260477
373705
88949
1507
162240
407126
252024
3
10602
931614
46883
335055
26516
70680
117719
146
3932
61149
73954
1497668
2087
32543
9190
108633
6585
10
3748
31353
17238
1054561
1569707
70965
92966
582223
904971
273303
3677
180612
1113306
38303
191508
41007
41007
328133
27245
773857
2157164
220445
2278013
10384
37512
116906
55986
332596
5480
39763
80999
25919
18767
592395
386290
15485
1980080
1460264
77053
2099
784867
3
671
791
78287
841747
149
319909
904636
210352
8872
11234
1356075
517241
20885
36539
1311759
273061
1008
206145
151840
1504197
230008
59288
28
120575
197146
47398
25911
8398
136874
2254
661027
2163784
1019482
59
347322
189639
615
686673
5657
59897
7768
140084
15983
63427
11804
47173
130206
7756
2425397
626323
365116
124548
7475
2661343
66153
1141618
530437
2764488
1801
44927
3024
120847
1291
115989
4208
1189
2483260
2242088
195566
4321
166448
1015719
426
383783
4014
3248171
13171
3941
57881
347693
435353
366327
410527
78533
7479
575557
76997
82523
13194
759865
28
341965
382973
102465
29599
273725
19757
25468
76139
438503
134588
1352120
1009876
482
5784
114813
53899
15930
80730
1021431
379050
1850
13364
7030
2243
348228
56062
448047
265875
390241
175955
828877
2018964
282557
650
223494
728943
32911
101999
168001
2237992
1492332
111071
1039693
15574
1092772
1257
216947
2776
221955
1620340
241
10169
356997
341348
30739
55223
33077
489151
2843
1671698
222427
109
7769
114
329468
1416457
2443157
1184153
2824611
2650
68482
21335
36143
1269924
54521
230039
113246
340352
21356
121770
1275647
39845
77
74537
382629
40075
676358
33363
237075
9327
29627
214757
166339
588875
56224
13792
957524
32619
87840
8142
16703
1252074
2804
45
194
15
91827
596698
1003
5199
2014735
22184
1306903
239935
117824
68783
75869
179559
4674
27334
21434
93898
2007411
161889
1633
56637
2595186
57415
990957
130679
1714936
11035
53123
1262777
44735
1022
98107
362321
683458
450
282117
60887
336989
285774
14728
223
522357
2019731
84070
720
159847
14882
163191
20547
178149
5967
78169
99238
53567
2134
326350
90552
429751
758
192646
5375
58371
504688
307660
25919
189527
374833
139277
228482
1704158
115439
118000
315613
49553
84867
47
14061
7787
308801
162393
185958
62967
4870
35482
55317
639
617195
3513843
73392
10
2787689
857
24331
21403
52890
765838
1555
53
276573
194577
1493853
1170029
109742
509
3338
821868
193
546739
10946
73394
25186
329608
55555
238092
165341
47089
415035
144729
1909619
301807
49427
39167
923
359
11480
49991
1054809
213035
176292
432248
507981
1135288
213263
44
262191
71021
255990
3291555
946614
252610
94701
671158
114344
146
116896
247
4371
2616478
18096
492168
26549
70743
525897
438714
156351
10447
39585
2039
309899
812985
1160893
899557
543019
1614146
6121
1761365
242604
19306
128179
61447
77209
331620
16684
930996
1439
13171
4344
20357
22623
551893
65705
1024060
158393
9005
155
416797
1670374
108952
4598
49030
416638
10
7892
26187
2694
408533
105102
92364
1976759
6800
576885
123531
2792
847782
982257
470175
567462
969403
279895
1605973
2811037
39311
762
8213
76190
223231
982749
143
47444
1713867
41773
1252761
107
888673
3849
178925
632317
675671
2639
32291
239894
154615
901519
334895
189090
145477
12637
2583
56427
7920
664427
106783
25741
5093
40075
11081
783053
77950
614642
617286
5161
371187
596189
22788
19117
403206
13527
8098
5774
375919
1598530
104710
216216
319675
333557
405729
3849
12548
966
100035
35049
109482
4564
56231
76423
288350
390079
116
575823
11857
264139
130239
89393
269329
195509
1068585
431639
52603
1087110
1660255
467899
